[gd_scene load_steps=7 format=3 uid="uid://bv3t0mtsb3gda"]

[ext_resource type="Script" path="res://ferris_wheel.gd" id="1_8slkf"]

[sub_resource type="PhysicsMaterial" id="PhysicsMaterial_mr5rb"]
rough = true
absorbent = true

[sub_resource type="BoxShape3D" id="BoxShape3D_pykas"]
size = Vector3(32, 1, 24)

[sub_resource type="BoxShape3D" id="BoxShape3D_grw3h"]
size = Vector3(32, 1, 1.118)

[sub_resource type="BoxMesh" id="BoxMesh_3dxfw"]
size = Vector3(32, 1, 24)

[sub_resource type="BoxShape3D" id="BoxShape3D_otw1n"]
size = Vector3(24, 1, 1.118)

[node name="FerrisWheelCart" type="AnimatableBody3D"]
transform = Transform3D(1, 0, 0, 0, 1, 0, 0, 0, 1, 13.3435, 0, 1.7461)
physics_material_override = SubResource("PhysicsMaterial_mr5rb")
script = ExtResource("1_8slkf")

[node name="CollisionShape3D" type="CollisionShape3D" parent="."]
transform = Transform3D(1, 0, 0, 0, 1, 0, 0, 0, 1, 3.49365, 0, 0)
shape = SubResource("BoxShape3D_pykas")

[node name="CollisionShape3D2" type="CollisionShape3D" parent="."]
transform = Transform3D(1, 0, 0, 0, 0.950456, -0.310859, 0, 0.310859, 0.950456, 4, -0.151584, 12.3571)
shape = SubResource("BoxShape3D_grw3h")

[node name="CollisionShape3D3" type="CollisionShape3D" parent="."]
transform = Transform3D(-1, -2.71602e-08, -8.30967e-08, 0, 0.950516, -0.310676, 8.74228e-08, -0.310676, -0.950516, 4, -0.152, -12.357)
shape = SubResource("BoxShape3D_grw3h")

[node name="MeshInstance3D" type="MeshInstance3D" parent="."]
transform = Transform3D(1, 0, 0, 0, 1, 0, 0, 0, 1, 4, 0, 0)
mesh = SubResource("BoxMesh_3dxfw")

[node name="CollisionShape3D4" type="CollisionShape3D" parent="."]
transform = Transform3D(-4.37114e-08, 0.310859, 0.950456, 0, 0.950456, -0.310859, -1, -1.35881e-08, -4.15458e-08, 20.357, -0.152, -0.024)
shape = SubResource("BoxShape3D_otw1n")

[node name="CollisionShape3D5" type="CollisionShape3D" parent="."]
transform = Transform3D(-4.37114e-08, -0.310676, 0.950516, 0, 0.950516, 0.310676, -1, 1.35801e-08, -4.15484e-08, -12.357, -0.152, 0.0239675)
shape = SubResource("BoxShape3D_otw1n")
